reading=0.0072146
convolution_native=0.88234
convolution_matlab=0.021071
nonlinear_native=0.22057
matlab_startup=3.5144
platform=GLNXA64
platform_maxsize=281474976710655
platform_endian=L
