reading=0.0064841
convolution_native=0.89521
convolution_matlab=0.010516
nonlinear_native=0.21988
matlab_startup=5.0278
platform=GLNXA64
platform_maxsize=281474976710655
platform_endian=L
