reading=0.0050164
convolution_native=0.68069
convolution_matlab=0.011034
nonlinear_native=0.1542
matlab_startup=3.5623
platform=PCWIN64
platform_maxsize=281474976710655
platform_endian=L
