reading=0.0072734
convolution_native=0.89485
convolution_matlab=0.025141
nonlinear_native=0.23086
matlab_startup=3.5934
platform=GLNXA64
platform_maxsize=281474976710655
platform_endian=L
