reading=0.008285
convolution_native=0.88118
convolution_matlab=0.028968
nonlinear_native=0.17072
matlab_startup=4.93
platform=PCWIN64
platform_maxsize=281474976710655
platform_endian=L
