# Created by Octave 4.2.2, Mon Nov 11 20:54:31 2019 UTC <root@vot>
# name: supported
# type: bool
1


