reading=0.0094771
convolution_native=0.97405
convolution_matlab=0.021578
nonlinear_native=0.18103
matlab_startup=6.9973
platform=PCWIN64
platform_maxsize=281474976710655
platform_endian=L
