# Created by Octave 4.2.2, Thu Nov 14 11:43:33 2019 UTC <root@vot>
# name: result
# type: scalar struct
# ndims: 2
 1 1
# length: 4
# name: accuracy
# type: scalar struct
# ndims: 2
 1 1
# length: 1
# name: values
# type: matrix
# rows: 7
# columns: 7
 0.4717195711326969 0.4948520361754914 0.5094772557237457 0.4607500358487883 0.4480491647354849 0.5010141493954525 0.5879283815704679
 0.4861649225066377 0.5157803892602276 0.5300756598367932 0.481125438583374 0.4408699829450929 0.5117749981700986 0.5915153723173759
 0.4747174251313961 0.4994163742402074 0.5046518041332301 0.4734337145857415 0.4571002684996299 0.5107109455482964 0.5894538824395982
 0.4478565686895752 0.4459613769484891 0.5514302598199746 0.4896424411269339 0.528897348827542 0.5476531321824051 0.5650058371348561
 0.4636750854663942 0.483523278569428 0.5322645191413311 0.4649357504498192 0.4385603432958193 0.5107625472960875 0.5889172824169275
 0.3847131197635809 0.3917254882165322 0.4412633551552932 0.4038164004313105 0.4080331688782218 0.4150723200441888 0.5015144234488353
 0.4688844470096315 0.4499018246236946 0.4626855723510375 0.373181514663509 0.439557289820161 0.4700417233153056 0.5743952888239012




# name: robustness
# type: scalar struct
# ndims: 2
 1 1
# length: 2
# name: values
# type: matrix
# rows: 7
# columns: 7
 138.6666666666667 68 138 147 165 125 59
 50 26 61 61 70 40 29
 46.16666666666666 19 35 36 62 31 11
 7 6 7 8 8 5 2
 37.16666666666666 19 34 52 31 42 19
 28.16666666666667 22 33 30 17 32 17
 26.16666666666667 14 22 35 25 25 10


# name: normalized
# type: matrix
# rows: 7
# columns: 7
 0.006493101080102391 0.003184116875819442 0.006461884247986514 0.006883311481550852 0.007726165948679528 0.005853156021726916 0.002762689642255104
 0.006409434687860531 0.003332906037687476 0.007819510319189848 0.007819510319189848 0.008973208563004743 0.005127547750288425 0.003717472118959107
 0.005348316342292245 0.002201112140871177 0.004054680259499537 0.004170528266913809 0.007182576459684893 0.003591288229842446 0.001274328081556997
 0.01318267419962335 0.01129943502824859 0.01318267419962335 0.01506591337099812 0.01506591337099812 0.009416195856873822 0.003766478342749529
 0.009706624880299469 0.004962131104727083 0.008879603029511622 0.01358056933925307 0.008096108644554715 0.01096892138939671 0.004962131104727083
 0.01218808596567143 0.009519688446559932 0.01427953266983989 0.01298139333621809 0.007356122890523582 0.01384681955863262 0.007356122890523582
 0.00763767269896867 0.004086398131932283 0.00642148277875073 0.01021599532983071 0.007297139521307647 0.007297139521307647 0.002918855808523059




# name: lengths
# type: matrix
# rows: 7
# columns: 1
 21356
 7801
 8632
 531
 3829
 2311
 3426


# name: tags
# type: cell
# rows: 1
# columns: 7
# name: <cell-element>
# type: sq_string
# elements: 1
# length: 7
tag_all



# name: <cell-element>
# type: sq_string
# elements: 1
# length: 17
tag_camera_motion



# name: <cell-element>
# type: sq_string
# elements: 1
# length: 9
tag_empty



# name: <cell-element>
# type: sq_string
# elements: 1
# length: 16
tag_illum_change



# name: <cell-element>
# type: sq_string
# elements: 1
# length: 17
tag_motion_change



# name: <cell-element>
# type: sq_string
# elements: 1
# length: 13
tag_occlusion



# name: <cell-element>
# type: sq_string
# elements: 1
# length: 15
tag_size_change







