# Created by Octave 4.2.2, Thu Nov 14 11:44:47 2019 UTC <root@vot>
# name: result
# type: scalar struct
# ndims: 2
 1 1
# length: 4
# name: thresholds
# type: matrix
# rows: 1
# columns: 100
 0 0.0101010101010101 0.0202020202020202 0.0303030303030303 0.04040404040404041 0.05050505050505051 0.06060606060606061 0.07070707070707072 0.08080808080808081 0.09090909090909091 0.101010101010101 0.1111111111111111 0.1212121212121212 0.1313131313131313 0.1414141414141414 0.1515151515151515 0.1616161616161616 0.1717171717171717 0.1818181818181818 0.1919191919191919 0.202020202020202 0.2121212121212121 0.2222222222222222 0.2323232323232323 0.2424242424242424 0.2525252525252525 0.2626262626262627 0.2727272727272728 0.2828282828282829 0.2929292929292929 0.303030303030303 0.3131313131313131 0.3232323232323233 0.3333333333333334 0.3434343434343435 0.3535353535353536 0.3636363636363636 0.3737373737373738 0.3838383838383839 0.393939393939394 0.4040404040404041 0.4141414141414142 0.4242424242424243 0.4343434343434344 0.4444444444444445 0.4545454545454546 0.4646464646464647 0.4747474747474748 0.4848484848484849 0.494949494949495 0.5050505050505051 0.5151515151515152 0.5252525252525253 0.5353535353535354 0.5454545454545455 0.5555555555555556 0.5656565656565657 0.5757575757575758 0.5858585858585859 0.595959595959596 0.6060606060606061 0.6161616161616162 0.6262626262626263 0.6363636363636365 0.6464646464646465 0.6565656565656566 0.6666666666666667 0.6767676767676768 0.686868686868687 0.696969696969697 0.7070707070707072 0.7171717171717172 0.7272727272727273 0.7373737373737375 0.7474747474747475 0.7575757575757577 0.7676767676767677 0.7777777777777778 0.787878787878788 0.797979797979798 0.8080808080808082 0.8181818181818182 0.8282828282828284 0.8383838383838385 0.8484848484848485 0.8585858585858587 0.8686868686868687 0.8787878787878789 0.888888888888889 0.8989898989898991 0.9090909090909092 0.9191919191919192 0.9292929292929294 0.9393939393939394 0.9494949494949496 0.9595959595959597 0.9696969696969697 0.9797979797979799 0.9898989898989899 1


# name: curves
# type: matrix
# ndims: 3
 7 7 100
 0.6761565836298933
 0.7599269526128488
 0.6561622026596741
 0.6558812511706312
 0.5813354560779173
 0.6671661359805207
 0.7947649372541674
 0.7490065376233817
 0.7545186514549417
 0.6458146391488271
 0.6895269837200358
 0.6394052044609665
 0.7324701961287015
 0.8669401358800154
 0.6215245597775718
 0.7809314179796107
 0.6372798887859129
 0.6478220574606117
 0.4927015755329008
 0.6194392956441149
 0.7468721037998146
 0.6026365348399246
 0.7495291902071564
 0.4896421845574388
 0.5894538606403014
 0.6101694915254238
 0.6629001883239172
 0.7382297551789078
 0.7419691825541916
 0.7184643510054844
 0.6560459650039174
 0.6299294855053539
 0.6466440323844346
 0.6860799164272656
 0.8362496735440063
 0.5655560363479013
 0.6603202077022934
 0.5590653396797923
 0.558632626568585
 0.5863262656858503
 0.584162700129814
 0.6975335352661186
 0.7720373613543491
 0.783420899007589
 0.7840046701692936
 0.6652072387624052
 0.6882661996497373
 0.7402218330414477
 0.8809106830122592
 0.672410563775988
 0.7563214085034651
 0.6510582506087282
 0.6500749203970781
 0.5715489792095898
 0.6610320284697508
 0.7910189174002622
 0.7436226124855788
 0.7488783489296245
 0.6405589027047814
 0.6833739264196897
 0.6288937315728753
 0.7282399692347135
 0.8645045506986284
 0.619902687673772
 0.7793095458758109
 0.6344995366079703
 0.6431881371640408
 0.4827386468952734
 0.6143419833178869
 0.7443234476367007
 0.5951035781544256
 0.7457627118644068
 0.480225988700565
 0.5856873822975518
 0.5988700564971752
 0.6572504708097928
 0.736346516007533
 0.7357012274745365
 0.7153303734656569
 0.648472185949334
 0.6239226952206842
 0.6343692870201096
 0.6774614781927396
 0.8328545312091929
 0.558632626568585
 0.6456079619212463
 0.5508437905668542
 0.5417568152315015
 0.5785374296841195
 0.5655560363479013
 0.6910428385980095
 0.7664915353181553
 0.7825452422650321
 0.7755399883245767
 0.6584938704028021
 0.6777583187390543
 0.7329246935201401
 0.8730297723292469
 0.6705843790972092
 0.7532309421239932
 0.646797153024911
 0.6455796965723918
 0.5670069301367298
 0.6558812511706312
 0.7890054317287881
 0.7414434046917062
 0.7443917446481221
 0.6381233175233945
 0.6788873221381874
 0.6255608255351878
 0.7264453275221125
 0.8632226637610563
 0.618628359592215
 0.7782669138090825
 0.6314874884151993
 0.6401760889712697
 0.476598702502317
 0.6106348470806302
 0.7424698795180723
 0.591337099811676
 0.743879472693032
 0.4764595103578154
 0.5819209039548022
 0.5932203389830508
 0.6516007532956686
 0.736346516007533
 0.7328284147296944
 0.7127187255158005
 0.6414207364847219
 0.6181770697310003
 0.6288848263254113
 0.6662313920083572
 0.8310263776442935
 0.5543054954565123
 0.630895716140199
 0.5439203807875379
 0.5270445694504543
 0.5742102985720468
 0.5573344872349633
 0.6884465599307659
 0.7635726795096323
 0.7807939287799183
 0.7702860478692353
 0.6532399299474606
 0.6733800350262698
 0.7267950963222417
 0.8704028021015762
 0.6689923206592995
 0.7505619029780858
 0.6427701816819629
 0.640990822251358
 0.562886308297434
 0.6528844352875071
 0.7870855965536617
 0.739520574285348
 0.7425971029355211
 0.6360722984232791
 0.6746570952441995
 0.6218433534162287
 0.724907063197026
 0.8609152672734265
 0.6175857275254866
 0.7766450417052827
 0.6290546802594995
 0.6360055607043559
 0.4717330861909175
 0.6091288229842446
 0.7417747914735866
 0.5800376647834274
 0.7419962335216572
 0.4745762711864407
 0.5800376647834274
 0.5875706214689266
 0.6421845574387948
 0.736346516007533
 0.7299556019848524
 0.710890571950901
 0.6377644293549229
 0.6134761034212588
 0.6241838600156698
 0.6581352833638026
 0.8302428832593366
 0.5521419299004759
 0.6170488965815665
 0.5378623972306361
 0.5157940285590653
 0.5711813067935958
 0.5491129381220251
 0.6832540025962787
 0.7615294804436661
 0.7799182720373613
 0.7600700525394045
 0.6500291885580852
 0.6690017513134852
 0.7209573847051955
 0.8674839462930531
 0.6671193107323469
 0.7485952425547855
 0.6403820940250984
 0.6356059187113692
 0.5591402884435287
 0.6496534931635137
 0.7850252856340139
 0.737084989103961
 0.7404178951416485
 0.6340212793231637
 0.6686322266376106
 0.618382258684784
 0.7229842327906678
 0.8598897577233688
 0.6167747914735866
 0.7750231696014829
 0.6277803521779426
 0.6325301204819277
 0.4680259499536608
 0.6077386468952733
 0.7400370713623726
 0.5706214689265536
 0.7401129943502824
 0.4726930320150659
 0.5800376647834274
 0.5800376647834274
 0.6421845574387948
 0.736346516007533
 0.7270827892400105
 0.7101070775659442
 0.634891616610081
 0.6087751371115173
 0.6200052232958997
 0.6552624706189606
 0.8289370592844084
 0.5478147987884033
 0.6118563392470792
 0.5331025530073561
 0.5015144958892255
 0.5655560363479013
 0.5387278234530506
 0.6784941583729988
 0.7597781669585523
 0.7781669585522475
 0.7553998832457677
 0.6441914769410391
 0.6643315820198482
 0.7139521307647402
 0.8645650904845301
 0.6653867765499157
 0.7466754073796591
 0.6371043266529313
 0.632094025098333
 0.5563775988012737
 0.6461884247986515
 0.7828244989698445
 0.7354185360851173
 0.7379823099602615
 0.6317138828355339
 0.6641456223561082
 0.6156902961158826
 0.7197795154467376
 0.8584796820920395
 0.6158480074142725
 0.7739805375347544
 0.6260426320667285
 0.6304448563484708
 0.4660565338276182
 0.6049582947173309
 0.7380676552363299
 0.5630885122410546
 0.7401129943502824
 0.4726930320150659
 0.5781544256120528
 0.5781544256120528
 0.6421845574387948
 0.736346516007533
 0.7234264821102115
 0.7085400887960303
 0.6309741446852964
 0.6038130060067903
 0.6134761034212588
 0.6523896578741186
 0.827892400104466
 0.5460839463435742
 0.606663781912592
 0.5270445694504543
 0.4950237992211164
 0.5638251839030722
 0.5257464301168325
 0.6728688879273041
 0.7574430823117339
 0.7764156450671337
 0.7472270869819031
 0.6398131932282545
 0.659369527145359
 0.7116170461179218
 0.8610624635143024
 0.6639351938565274
 0.7448960479490542
