# Created by Octave 4.2.2, Thu Nov 14 11:44:00 2019 UTC <root@vot>
# name: result
# type: scalar struct
# ndims: 2
 1 1
# length: 2
# name: normalized
# type: matrix
# ndims: 3
 1 7 60
 0.1119456989223547
 0.02738324462391785
 1.859034078574355
 3.801263590324037
 8.45321931307827
 3.87795653829524
 12.15268863864987
 0.1311819742984286
 0.02893627604077454
 2.244895459939397
 6.736883078459469
 10.41923491869924
 3.747144780120435
 11.26082338082586
 0.3445383036112718
 0.02250779846630243
 2.732536160181785
 7.139564995751405
 10.25911505648918
 6.061247875327052
 20.39461229593326
 0.09038534313183964
 0.02882670684823836
 1.7625536917443
 1.629642521890226
 18.45556280775968
 3.525829623699753
 13.5209181313437
 0.05152007177550829
 0.01311596616707706
 0.9968650202625066
 1.03725772206
 18.12687964782048
 2.322349981112437
 12.62132781853085
 0.3516121441849512
 0.02145913756758515
 3.17460959150321
 7.693468038003081
 11.82739307913069
 6.888457834296027
 18.93707991179885
 0.2004050529079915
 0.03408573536220845
 2.104469601239066
 4.703755288766619
 11.97408191679062
 3.480981256062738
 9.761975323962746
 0.292335381563702
 0.03492468904248114
 3.153032008270279
 3.908712451438336
 32.62202348048519
 6.800753429301304
 22.27891560277587
 0.1597239429010504
 0.02160982466158724
 2.127624354138427
 1.86303175237455
 8.373952322980745
 4.020135186595583
 13.54679943681514
 0.2937950391472237
 0.03301053220906755
 2.563612360070747
 3.873670398311942
 23.46324044625363
 5.868842946276654
 15.62696462873349
 0.2492896963643028
 0.02589319500609894
 2.992615781248516
 9.56070416955315
 20.82723992460982
 7.089656976639928
 22.84574738463718
 0.07006673723271729
 0.01482937188240045
 0.9659312925131207
 1.796325872453099
 13.52362721235011
 2.447383381705007
 15.02811874344626
 0.06189983166207676
 0.0178606635546928
 2.682054918286934
 3.720204868363707
 9.191268288566064
 5.628422865893087
 18.84596833830468
 0.2062491563310162
 0.02317010867358807
 3.02530554906427
 9.467320144777865
 12.5406629686265
 6.039586169383943
 16.76464749098829
 0.1768974596028135
 0.0492125764125033
 1.741454817370019
 6.77509431527329
 23.82963038604827
 3.993896957228282
 13.18511048347758
 0.07538621047056043
 0.01846407053909591
 0.9420582903017211
 0.9829935285960443
 5.385873017750132
 2.238385413819494
 10.88133842374677
 0.2377249730279916
 0.02194257475059572
 2.40677198522118
 4.823592452635241
 8.704314783458319
 4.436228140719508
 13.96273317224566
 0.3217112555948827
 0.02297202972234922
 2.214745429367194
 3.249565922682818
 6.892566233324516
 4.59266238737351
 19.78996195923537
 0.09640877249433358
 0.02742624580660171
 1.95920862225997
 3.137259464355441
 17.20543252152026
 3.763168576074165
 13.2168481323949
 0.07173544051896417
 0.02620390784895629
 0.9906728375813475
 1.019668039895709
 16.31651332992665
 2.32991546015307
 10.61633293348756
 0.0985357899910064
 0.03194113952524543
 1.823843891631104
 7.17327933686352
 20.29117557433835
 3.891731970943771
 13.04155425132474
 0.186826932537538
 0.01870111323763504
 2.401480538450707
 5.361583087919565
 10.84501002091604
 5.137030240582195
 15.93741574033138
 0.1983213750466144
 0.02156042501421242
 2.167559344594997
 3.056883914474285
 15.17304265118326
 4.932896256233566
 17.60628662909805
 0.1351366772355067
 0.02435170326431473
 2.249604100637666
 2.569681119289279
 18.22702329069624
 5.101647580003604
 17.47733073526174
 0.3276915476901758
 0.02155379231326861
 3.182117368564544
 8.331592702903784
 15.12103572447679
 6.730483572341753
 19.57989567356188
 0.3037833574076828
 0.04145261402443683
 2.541422833141195
 6.426695547401321
 17.36032371536521
 4.517349933263961
 12.66357428016034
 0.06978892874415868
 0.02959996581447735
 1.173479059651314
 1.583822421129294
 4.985656179305518
 2.167374475233438
 7.072720395341072
 0.472200350850294
 0.02920220732112801
 2.965313585449768
 4.582492319488201
 6.747029674115836
 6.312266062691189
 19.55297707632261
 0.1006955992406576
 0.08968570325585407
 1.662565829131837
 2.076276721580034
 10.99964002701721
 4.075508366146936
 14.73523152334156
 0.3619328889010857
 0.1286367880464925
 2.88177672475274
 5.365903964599803
 28.06997716215949
 6.026836565116578
 19.29467857670744
 0.3320413520281944
 0.04961893936757772
 3.016104320111483
 8.445874658576217
 25.27521005251987
 6.661282671298207
 19.64369669953947
 0.2416330515570634
 0.04104073308462516
 2.7975985196109
 4.585018554265987
 18.78870352155864
 6.341177934627983
 23.25832414635765
 0.1618530013460976
 0.02559630892362365
 1.615961420608493
 2.200676519956804
 5.849900914430946
 3.677206059112821
 13.48838305825833
 0.06600847810535228
 0.01329350539132078
 1.448699502411497
 1.82024581813175
 4.552202697370894
 3.15035572119001
 12.06569374903868
 0.1065739057115231
 0.0254826954516571
 0.8497313315725685
 1.274053020068609
 20.67322966860278
 4.453632552583739
 19.46210528695318
 0.2211645592142479
 0.03149819890006716
 2.169179253947031
 3.25197291368956
 65.04162434741548
 5.10589351366967
 23.8537171483339
 0.1503528517222607
 0.02638280210290523
 2.381990133415029
 4.487269971935395
 22.24573532108578
 5.277956344792663
 16.61057089966252
 0.3394666051836064
 0.02143284554653894
 2.635559909315544
 8.329953644343405
 3.416123516263856
 5.563589685544909
 16.96295930832404
 0.3044149719472691
 0.02694485803421249
 2.641868366215667
 11.32117879171227
 10.22775387946904
 5.792584682612119
 20.98500521968749
 0.2532057561426569
 0.02011243359884198
 2.480409310324068
 6.317802582596935
 9.917553411140577
 5.602469911398979
 18.27662521031952
 0.0523586046883531
 0.01876612130687788
 0.6488432550964668
 0.5622382948301052
 7.748379339276577
 1.23814305540836
 8.027994382311691
 0.06168143093405207
 0.02684252107968223
 1.396111345789596
 0.9409472475354835
 14.88337742730279
 3.619136008088017
 15.28889464622094
 0.1580117860236164
 0.02163360102880664
 1.851844613716475
 2.167239618984482
 9.403988306318213
 5.153333084602425
 17.75775401837632
 0.05434547942433291
 0.01980256995310257
 0.8864165112147527
 2.418374038712061
 1.527923542323987
 2.281973648505351
 12.2748120700939
 0.348903539236856
 0.02713299907174688
 2.119381103805112
 6.809610768463565
 9.076350049022695
 5.064848385704588
 15.01180979044157
 0.09343861626572567
 0.03264485930953689
 1.903551996246847
 3.739110171576479
 15.92415774003067
 6.427025938414982
 21.39391816716367
 0.0622127757177397
 0.02168912326868924
 0.9122311403209639
 1.586002405148087
 16.31390079253087
 2.782335786583221
 14.68219768948116
 0.2516743012798903
 0.03295028301766236
 1.884470569105043
 6.082008109923918
 16.71252751483032
 5.809358419638039
 19.20027764120658
 0.3514860989886875
 0.03444983153441943
 2.283795568017492
 6.528716876761201
 14.75037598567994
 4.979683791808782
 14.89687352549104
 0.2660473564986461
 0.03205387619605995
 2.509854318384245
 9.044860439832144
 11.93769757380283
 6.384657363644833
 19.26479451277639
 0.3982279395298421
 0.03438813692880228
 2.586408413165728
 8.661616711884585
 28.61121856233192
 6.663182282865685
 21.15686306773756
 0.359442921361949
 0.01843986422671245
 1.733953264075869
 2.849570038308027
 11.26446742411924
 4.669338428709456
 17.7168976914957
 0.1336713336804271
 0.02317701051088625
 2.111098025254999
 5.190430832201637
 14.99232294927856
 3.887204317227937
 16.78201222994973
 0.1400574255882747
 0.02378162814043188
 2.073951973059511
 3.693335035871534
 8.344750460805297
 5.316425154560333
 17.31528674458086
 0.04719972299122862
 0.02130313971772514
 2.023157436245495
 2.102907893919971
 7.625057798564132
 4.472135646594349
 11.29601127376111
 0.1967285049943762
 0.01462135874403686
 1.387439779774738
 2.804854202045523
 11.54986991973186
 3.211609198892475
 11.95508039879539
 0.2029506203292928
 0.02000557160374138
 2.161794765194318
 6.418848703111863
 5.425607504217891
 5.90402658278003
 17.83477415289405
 0.2719669018448152
 0.03007080953311871
 2.113460513913159
 5.698320673614456
