# Created by Octave 4.2.2, Thu Nov 14 11:44:59 2019 UTC <root@vot>
# name: result
# type: scalar struct
# ndims: 2
 1 1
# length: 2
# name: normalized
# type: matrix
# ndims: 3
 1 7 60
 0.1076197321160405
 0.05867551312864606
 2.340514779525988
 6.295894574089218
 15.50492949837165
 3.963280634295963
 11.80541120029877
 0.1971157054033082
 0.0632378198746463
 2.435979007981466
 7.507270604725251
 11.74758706721115
 4.005302578748878
 12.19308443591931
 0.347648212993202
 0.05529535692759024
 2.762714777477933
 7.330775051445263
 10.48372981194094
 6.088160045249912
 22.13540037838486
 0.09843282286719041
 0.04597712724297142
 2.330340289572003
 3.96851459735634
 17.58782776094079
 4.211610702594646
 13.81683445496118
 0.1314125184090449
 0.03813385942781508
 1.625393642115815
 2.26722883999034
 23.92005539583801
 3.421915883669892
 12.98446066853586
 0.3569037342735458
 0.04329424320790634
 3.258081430916185
 11.55958827094023
 12.02866429722306
 6.90122967061567
 20.34810308635478
 0.1738041067246997
 0.02815209799554994
 2.496464411750947
 6.194964964770705
 12.11950461213956
 3.973231655305157
 10.45085919017197
 0.2319109366425902
 0.03750522723527881
 3.077808701063218
 9.064650868131984
 32.68185175112288
 6.767631756287438
 24.12214491929056
 0.07454239830646306
 0.02050824380374253
 2.136793555150728
 3.176749777446114
 8.522570136891469
 4.02031530017921
 13.05624094443102
 0.3401134047024598
 0.03876301178040183
 3.008474148513006
 7.723681184016666
 23.16612176852936
 5.641348437506831
 17.88305170933248
 0.2123760762951323
 0.05644116838968501
 3.458208263857723
 10.02351970151988
 20.78325391422737
 7.043675919349666
 23.91509265551295
 0.1344799484265798
 0.03491514318847759
 2.916352589788203
 6.108541653129183
 11.13055655834768
 5.849651822105915
 19.5398605728614
 0.06776345556123854
 0.0372094863808311
 2.678521917327696
 5.596721653301221
 14.80019304204002
 5.559212874216414
 19.02216874734441
 0.2167737162502522
 0.07897082246362562
 3.133894472424368
 9.508341915550981
 12.69313447653743
 6.045639327321478
 18.56735277592507
 0.1828395221613114
 0.1451255161039613
 2.613656924552137
 7.097510313240424
 26.70399918500926
 4.379137841529015
 13.81457867039788
 0.07560668900929809
 0.01633900884305527
 2.114915136189079
 4.669405229052246
 4.974481764938496
 3.764442729899736
 11.84433173184868
 0.2423334023941048
 0.02439695881690456
 2.420986419330664
 4.790333291699922
 8.73316456991965
 4.436958883675565
 15.50849202154408
 0.4000652868526481
 0.02968530447591431
 2.886911260927895
 9.711310832894728
 7.838481094110135
 6.280685638351915
 21.59131138705641
 0.141958409575343
 0.02857424593034259
 2.306185578524599
 4.790413816777663
 13.3212654617017
 4.21285308259624
 13.47538281414919
 0.06792802674430821
 0.02489689965845782
 2.289186531403194
 4.215135824992828
 21.98571922866458
 4.034620688449478
 13.27555884185432
 0.09555951398727677
 0.02627970292585031
 2.529145545670149
 6.944814102326544
 22.73548745430786
 4.518942174109552
 14.77020176496211
 0.2240835393805169
 0.04586862306619507
 2.572523295414823
 7.205019770739966
 10.20667562855292
 5.103479412709609
 17.67793318005886
 0.114060522925517
 0.1078700893662984
 3.023551748546399
 9.11276686671993
 21.67861700301158
 6.270092100115932
 20.49721107084715
 0.1582298920343343
 0.07380307534211043
 2.80468232693581
 8.034785506804026
 19.15997656446709
 5.838214577000078
 20.18529032646838
 0.2715584007528939
 0.08736961695768275
 3.168891617328142
 9.386840136287235
 14.99598829571553
 6.6553355130736
 21.00281937892909
 0.3649723526565299
 0.1306848365490535
 2.629081993895572
 7.623065287401527
 13.05268179124864
 4.542699575264398
 13.47354356248636
 0.3123185204418436
 0.09886286469532804
 1.784796246837772
 3.893870464972592
 5.662176413435278
 2.536547400749251
 7.887332234653845
 0.4383413239479715
 0.09074494865337837
 3.153889138739757
 11.44919405272865
 6.317381338491658
 6.103112023113183
 20.63720022829095
 0.06406527306443383
 0.1254447017058856
 2.757334726469698
 5.489292956423991
 16.51705875280431
 5.631537304478623
 19.24029737070599
 0.3512488635883721
 0.1388895398708077
 2.988213705350739
 9.897225730058333
 27.48202594193947
 6.876393666270469
 22.1557025654268
 0.3756272400969993
 0.04229288713686491
 3.341309771359782
 12.13479327963759
 23.11984131293246
 6.61826248877185
 19.98546463600725
 0.2669662667236835
 0.05583419609065567
 3.07335042938984
 11.33023633562288
 14.99636200811352
 7.041082225666911
 24.39173511459686
 0.1474372205681192
 0.08836773770952289
 2.651843083351292
 6.034049153657684
 14.52205259306963
 4.638867125601326
 15.3973285302881
 0.06276674015859358
 0.01532788218324588
 2.12184046230407
 3.839170186058978
 5.8645597183381
 3.884248000792822
 13.91768476626241
 0.135992527182494
 0.02631826759040359
 0.798695263233968
 9.06704333248997
 23.80221608331315
 6.713694924661717
 23.07172841303329
 0.2690910989572583
 0.02634063680324989
 3.347682821588475
 11.51779253863869
 65.88571013919309
 7.19911183677265
 24.80606521057591
 0.1956005467989929
 0.09765033422212985
 3.053282328804252
 8.23216439783384
 19.6100146444666
 5.898211865224584
 19.16827506581694
 0.3501081102896424
 0.09039721410732639
 2.924255959345793
 9.972712177175064
 3.432903991753071
 5.858597705193606
 17.20351000972581
 0.31475580942169
 0.1071596469050031
 2.745595421900929
 12.16503672232714
 4.559068627364892
 5.797896303033946
 21.70301267492037
 0.3151093153297271
 0.01970466292982407
 2.771643918991444
 10.05634353687636
 10.19508425191598
 6.085293043593353
 22.39532833140953
 0.0690734014950508
 0.0199776294331491
 1.792929605775619
 2.751975216453919
 12.43779082311691
 3.672883427914977
 12.85453484623958
 0.06606523101013552
 0.03123263375546459
 2.499702173515581
 4.608077248213771
 27.17707200023849
 5.400472188443711
 19.35808039950621
 0.097164984013487
 0.02077426514122252
 2.675648298876651
 5.951215186279758
 11.35254149599804
 5.590434514493324
 20.34475011065781
 0.06376878353416371
 0.0316385999165806
 1.758526690922724
 2.66123234326396
 1.893335019249228
 3.842608975825849
 14.98314223126354
 0.4386699065777818
 0.06629879461285283
 2.533212518586636
 9.2348502965005
 10.08992579691555
 5.280443560578886
 15.7229966638683
 0.09070760423057531
 0.02480533671630503
 2.834532635657591
 6.231240959251072
 34.98561052487324
 6.301520654127277
 23.10158258618325
 0.1016336816876091
 0.02846353868060909
 2.873775693881716
 6.216987865810136
 26.0227906883722
 5.797380336744479
 20.24183142752605
 0.2137750824695282
 0.03427502490214738
 2.730752000040639
 6.0805736810031
 16.26441428858472
 5.748532954068605
 20.19490717948046
 0.3486461977554144
 0.06078622839522257
 2.736015765119081
 8.485677551082249
 14.63102705621848
 4.907568034821685
 15.95241043160627
 0.2202270990582518
 0.05324605699190058
 3.081235479213978
 8.995577002677573
 12.93455933366112
 6.31322818925751
 21.18796281509514
 0.391888772651552
 0.06194397005460516
 3.20965669338567
 7.985067656799257
 27.86044167801472
 6.657489582104807
 23.2534046202295
 0.2559135154155266
 0.04166381833251431
 2.623008942391316
 8.457186408595431
 10.37070704749957
 5.192797958689371
 19.47868882422259
 0.1143770229899926
 0.06115157332977955
 2.587003707932713
 5.522286000329102
 14.84994855823178
 5.415503448487146
 17.29688679884717
 0.1227495326313633
 0.07228943853982098
 3.17175690276756
 8.37626946083126
 8.385024278976841
 6.239581425470906
 20.24804806722567
 0.06235246726982798
 0.03875564246860213
 2.42891017819489
 5.006954873217597
 26.04917578940708
 4.401295119394667
 14.75842393642012
 0.2179301029352605
 0.02832145567477784
 2.289637124316876
 4.076111778107394
 11.95747039399215
 4.088947810477428
 14.12706436855284
 0.2130562672550206
 0.03982475192608238
 3.115382771011299
 8.575148655420559
 5.430386236340166
 5.920243607848285
 19.7595265368013
 0.09941491706124828
 0.05546631778800852
 2.581501386045578
 5.790405602416948
 15.94841272696705
