reading=0.0053407
convolution_native=0.75859
convolution_matlab=0.014259
nonlinear_native=0.1882
matlab_startup=6.1578
platform=GLNXA64
platform_maxsize=281474976710655
platform_endian=L
